0.47368421052631576	0.2
0.3541666666666667	0.24285714285714285
0.3	0.16216216216216217
0.5	0.2033898305084746
0.525	0.21212121212121213
0.425	0.16666666666666666
0.5434782608695652	0.2777777777777778
0.65	0.30952380952380953
0.6666666666666666	0.3728813559322034
0.3333333333333333	0.1267605633802817
1.0833333333333333	0.2932330827067669
0.5833333333333334	0.25925925925925924
0.9714285714285714	0.3695652173913043
0.6	0.28125
0.19047619047619047	0.17391304347826086
0.4583333333333333	0.22
0.125	0.03296703296703297
0.34146341463414637	0.15730337078651685
0.4772727272727273	0.22580645161290322
1.1714285714285715	0.43617021276595747
0.4878048780487805	0.24096385542168675
0.9615384615384616	0.28735632183908044
0.20454545454545456	0.09782608695652174
0.7837837837837838	0.30851063829787234
0.2830188679245283	0.1388888888888889
0.2903225806451613	0.09574468085106383
0.6756756756756757	0.24271844660194175
0.45	0.23376623376623376
0.4117647058823529	0.25
0.8648648648648649	0.38095238095238093
1.2619047619047619	0.3509933774834437
0.8260869565217391	0.3958333333333333
0.18518518518518517	0.05747126436781609
0.2702702702702703	0.10989010989010989
0.6470588235294118	0.375
0.7714285714285715	0.3333333333333333
0.6363636363636364	0.2641509433962264
0.2692307692307692	0.23333333333333334
0.6842105263157895	0.3291139240506329
0.574468085106383	0.30337078651685395
0.5348837209302325	0.25
0.41935483870967744	0.14606741573033707
0.74	0.3333333333333333
0.5416666666666666	0.33766233766233766
0.4864864864864865	0.21686746987951808
0.65	0.26262626262626265
0.6904761904761905	0.30526315789473685
0.5675675675675675	0.17647058823529413
0.5384615384615384	0.22580645161290322
0.22727272727272727	0.1724137931034483
0.7380952380952381	0.29245283018867924
0.4594594594594595	0.2361111111111111
0.2857142857142857	0.11235955056179775
0.32608695652173914	0.19736842105263158
0.39473684210526316	0.19230769230769232
0.39285714285714285	0.11
0.7380952380952381	0.29245283018867924
0.45714285714285713	0.19753086419753085
0.8095238095238095	0.3541666666666667
1.0909090909090908	0.3076923076923077
0.575	0.23232323232323232
0.2	0.14035087719298245
0.4117647058823529	0.10852713178294573
0.8076923076923077	0.1640625
0.7741935483870968	0.2553191489361702
0.5	0.22535211267605634
0.46808510638297873	0.24719101123595505
0.4	0.14285714285714285
0.7380952380952381	0.3974358974358974
0.875	0.3559322033898305
0.23684210526315788	0.14285714285714285
0.42857142857142855	0.22388059701492538
0.23333333333333334	0.07368421052631578
0.3793103448275862	0.1506849315068493
0.47368421052631576	0.2903225806451613
0.5333333333333333	0.21333333333333335
0.8055555555555556	0.35802469135802467
0.8709677419354839	0.20610687022900764
0.7692307692307693	0.2803738317757009
0.6170212765957447	0.3493975903614458
0.375	0.18292682926829268
0.7368421052631579	0.3333333333333333
0.3023255813953488	0.1368421052631579
0.9117647058823529	0.28703703703703703
0.5333333333333333	0.1951219512195122
1.125	0.4235294117647059
0.47619047619047616	0.19801980198019803
0.775	0.32978723404255317
1.0344827586206897	0.24
0.9024390243902439	0.38144329896907214
0.7045454545454546	0.31958762886597936
0.3673469387755102	0.26865671641791045
0.7692307692307693	0.37383177570093457
0.3958333333333333	0.17117117117117117
0.42857142857142855	0.189873417721519
0.36666666666666664	0.11224489795918367
0.5652173913043478	0.21138211382113822
0.175	0.08536585365853659
0.6052631578947368	0.21904761904761905
0.6	0.2222222222222222
0.6829268292682927	0.3218390804597701
0.7073170731707317	0.35802469135802467
0.2222222222222222	0.06666666666666667
0.5714285714285714	0.2631578947368421
0.44680851063829785	0.22340425531914893
0.725	0.31868131868131866
0.4864864864864865	0.21176470588235294
0.8333333333333334	0.2976190476190476
0.34146341463414637	0.1686746987951807
0.4864864864864865	0.22784810126582278
0.34146341463414637	0.15217391304347827
0.5	0.17391304347826086
0.8695652173913043	0.32786885245901637
0.7777777777777778	0.2641509433962264
0.5641025641025641	0.20754716981132076
0.5945945945945946	0.2682926829268293
0.29411764705882354	0.10416666666666667
0.8	0.24347826086956523
0.7142857142857143	0.27522935779816515
0.7222222222222222	0.2988505747126437
0.6363636363636364	0.2641509433962264
0.696969696969697	0.25555555555555554
0.7428571428571429	0.28888888888888886
0.34146341463414637	0.17073170731707318
0.16666666666666666	0.05263157894736842
0.2926829268292683	0.1348314606741573
0.4594594594594595	0.2125
0.7560975609756098	0.3163265306122449
0.42857142857142855	0.11538461538461539
0.95	0.336283185840708
0.6333333333333333	0.2
0.1	0.05660377358490566
0.44680851063829785	0.23333333333333334
0.6136363636363636	0.28125
0.42857142857142855	0.16666666666666666
0.20930232558139536	0.13432835820895522
0.8604651162790697	0.3894736842105263
0.5333333333333333	0.21333333333333335
0.5384615384615384	0.35
0.3953488372093023	0.30357142857142855
0.6	0.23376623376623376
0.45161290322580644	0.11764705882352941
0.75	0.3448275862068966
1.0909090909090908	0.375
0.5	0.27586206896551724
0.43478260869565216	0.19230769230769232
0.6666666666666666	0.3283582089552239
0.5777777777777777	0.325
0.44680851063829785	0.45652173913043476
0.6666666666666666	0.20202020202020202
0.59375	0.2878787878787879
0.4716981132075472	0.3424657534246575
0.39473684210526316	0.19230769230769232
0.33962264150943394	0.2727272727272727
0.38461538461538464	0.18072289156626506
0.625	0.24271844660194175
0.5806451612903226	0.16981132075471697
0.4482758620689655	0.2857142857142857
0.6666666666666666	0.3291139240506329
0.2647058823529412	0.09090909090909091
1.0909090909090908	0.3076923076923077
0.4594594594594595	0.2
0.5555555555555556	0.2631578947368421
0.46875	0.1724137931034483
0.574468085106383	0.3375
0.52	0.11504424778761062
0.4166666666666667	0.13157894736842105
0.7142857142857143	0.2777777777777778
0.6111111111111112	0.2558139534883721
0.6129032258064516	0.1958762886597938
0.7777777777777778	0.3218390804597701
0.6122448979591837	0.2830188679245283
0.5957446808510638	0.22950819672131148
0.4634146341463415	0.16379310344827586
0.7407407407407407	0.273972602739726
0.6326530612244898	0.43661971830985913
0.7307692307692307	0.24675324675324675
0.4888888888888889	0.2716049382716049
0.9411764705882353	0.3595505617977528
0.4318181818181818	0.2
0.4772727272727273	0.328125
0.48936170212765956	0.3194444444444444
0.8461538461538461	0.33
0.84375	0.26732673267326734
0.5666666666666667	0.25
0.375	0.26785714285714285
0.8444444444444444	0.4418604651162791
0.3953488372093023	0.19540229885057472
0.6428571428571429	0.19148936170212766
0.8484848484848485	0.3333333333333333
0.475	0.2375
0.3870967741935484	0.1518987341772152
1.0285714285714285	0.4044943820224719
0.3695652173913043	0.34
0.42857142857142855	0.19480519480519481
0.5161290322580645	0.25
0.7	0.28
0.6086956521739131	0.32941176470588235
0.41304347826086957	0.2375
0.7586206896551724	0.23655913978494625
1.0	1.0
