0.5405405405405406	0.1724137931034483
0.06382978723404255	0.041666666666666664
0.23076923076923078	0.10588235294117647
0.0	0.0
0.07692307692307693	0.02459016393442623
0.0	0.0
0.0	0.0
0.1794871794871795	0.07291666666666667
0.15625	0.07142857142857142
0.11538461538461539	0.03529411764705882
0.2857142857142857	0.0684931506849315
0.0	0.0
0.17647058823529413	0.06060606060606061
0.10344827586206896	0.039473684210526314
0.12195121951219512	0.07042253521126761
0.1276595744680851	0.05555555555555555
0.0	0.0
0.175	0.058333333333333334
0.2558139534883721	0.11827956989247312
0.5882352941176471	0.1834862385321101
0.125	0.04672897196261682
0.48	0.13333333333333333
0.0	0.0
0.2777777777777778	0.10101010101010101
0.09615384615384616	0.043478260869565216
0.0	0.0
0.2222222222222222	0.08080808080808081
0.02564102564102564	0.008695652173913044
0.0	0.0
0.16666666666666666	0.06521739130434782
0.07317073170731707	0.014634146341463415
0.13333333333333333	0.048
0.038461538461538464	0.015873015873015872
0.0	0.0
0.16	0.08695652173913043
0.29411764705882354	0.15151515151515152
0.023255813953488372	0.009009009009009009
0.0196078431372549	0.015625
0.24324324324324326	0.08653846153846154
0.17391304347826086	0.07407407407407407
0.09523809523809523	0.04395604395604396
0.03333333333333333	0.009433962264150943
0.061224489795918366	0.02654867256637168
0.06382978723404255	0.028037383177570093
0.027777777777777776	0.011363636363636364
0.0	0.0
0.024390243902439025	0.008064516129032258
0.05555555555555555	0.018867924528301886
0.21052631578947367	0.0784313725490196
0.27906976744186046	0.1276595744680851
0.14634146341463414	0.058823529411764705
0.0	0.0
0.08823529411764706	0.03571428571428571
0.022222222222222223	0.01020408163265306
0.02702702702702703	0.010309278350515464
0.037037037037037035	0.010752688172043012
0.14634146341463414	0.058823529411764705
0.058823529411764705	0.017857142857142856
0.14634146341463414	0.05555555555555555
0.375	0.10084033613445378
0.0	0.0
0.0	0.0
0.0	0.0
0.0	0.0
0.1	0.02586206896551724
0.22580645161290322	0.08536585365853659
0.08695652173913043	0.038461538461538464
0.07692307692307693	0.024193548387096774
0.04878048780487805	0.018018018018018018
0.2608695652173913	0.08108108108108109
0.10810810810810811	0.05405405405405406
0.0	0.0
0.13793103448275862	0.043010752688172046
0.14285714285714285	0.04878048780487805
0.05405405405405406	0.022988505747126436
0.4827586206896552	0.12844036697247707
0.2857142857142857	0.10869565217391304
0.03333333333333333	0.00819672131147541
0.3157894736842105	0.11214953271028037
0.2826086956521739	0.15294117647058825
0.02564102564102564	0.010752688172043012
0.0	0.0
0.0	0.0
0.09090909090909091	0.02912621359223301
0.06896551724137931	0.02247191011235955
0.16129032258064516	0.047619047619047616
0.07317073170731707	0.026785714285714284
0.2564102564102564	0.11235955056179775
0.21428571428571427	0.05172413793103448
0.3	0.11764705882352941
0.046511627906976744	0.02531645569620253
0.14583333333333334	0.07608695652173914
0.5294117647058824	0.23684210526315788
0.0	0.0
0.2647058823529412	0.11688311688311688
0.13793103448275862	0.03636363636363636
0.06666666666666667	0.02127659574468085
0.05128205128205128	0.02197802197802198
0.10810810810810811	0.04
0.02564102564102564	0.011363636363636364
0.025	0.01020408163265306
0.25	0.1282051282051282
0.0	0.0
0.0	0.0
0.021739130434782608	0.01
0.1282051282051282	0.05952380952380952
0.0	0.0
0.13793103448275862	0.03389830508474576
0.1	0.032
0.1388888888888889	0.04854368932038835
0.225	0.08823529411764706
0.05128205128205128	0.01834862385321101
0.1111111111111111	0.03597122302158273
0.22857142857142856	0.07407407407407407
0.02631578947368421	0.008695652173913044
0.1111111111111111	0.06779661016949153
0.3333333333333333	0.10891089108910891
0.08823529411764706	0.02
0.1951219512195122	0.05714285714285714
0.14285714285714285	0.056179775280898875
0.023255813953488372	0.009009009009009009
0.15625	0.04424778761061947
0.2647058823529412	0.09
0.025	0.01098901098901099
0.0	0.0
0.025	0.01020408163265306
0.05555555555555555	0.018018018018018018
0.075	0.02727272727272727
0.0	0.0
0.3076923076923077	0.1111111111111111
0.13793103448275862	0.034482758620689655
0.0	0.0
0.10869565217391304	0.04065040650406504
0.023255813953488372	0.009009009009009009
0.1111111111111111	0.03225806451612903
0.023809523809523808	0.010638297872340425
0.023809523809523808	0.009900990099009901
0.4827586206896552	0.12844036697247707
0.3684210526315789	0.14432989690721648
0.0	0.0
0.3448275862068966	0.12658227848101267
0.0	0.0
0.07692307692307693	0.03529411764705882
0.25	0.06837606837606838
0.0425531914893617	0.02631578947368421
0.044444444444444446	0.015748031496062992
0.09375	0.04
0.1590909090909091	0.08974358974358974
0.0	0.0
0.06896551724137931	0.0091324200913242
0.0967741935483871	0.03296703296703297
0.23076923076923078	0.16216216216216217
0.02702702702702703	0.010309278350515464
0.15384615384615385	0.05714285714285714
0.05263157894736842	0.020618556701030927
0.1794871794871795	0.06542056074766354
0.06666666666666667	0.016
0.05263157894736842	0.026785714285714284
0.05263157894736842	0.019801980198019802
0.06060606060606061	0.01818181818181818
0.375	0.10084033613445378
0.08333333333333333	0.03488372093023256
0.02857142857142857	0.012658227848101266
0.12903225806451613	0.031496062992125984
0.13043478260869565	0.06382978723404255
0.4166666666666667	0.09900990099009901
0.05714285714285714	0.018691588785046728
0.08823529411764706	0.02702702702702703
0.2857142857142857	0.06711409395973154
0.06666666666666667	0.021505376344086023
0.37142857142857144	0.1625
0.020833333333333332	0.010416666666666666
0.0	0.0
0.0	0.0
0.11538461538461539	0.038461538461538464
0.25	0.15789473684210525
0.16	0.04395604395604396
0.045454545454545456	0.01639344262295082
0.18181818181818182	0.058823529411764705
0.023255813953488372	0.010638297872340425
0.023255813953488372	0.011363636363636364
0.10869565217391304	0.06172839506172839
0.21052631578947367	0.06557377049180328
0.06451612903225806	0.02666666666666667
0.034482758620689655	0.010101010101010102
0.358974358974359	0.16666666666666666
0.3409090909090909	0.1388888888888889
0.14285714285714285	0.056074766355140186
0.14814814814814814	0.037037037037037035
0.40625	0.11607142857142858
0.0	0.0
0.06666666666666667	0.024096385542168676
0.6470588235294118	0.21568627450980393
0.044444444444444446	0.01818181818181818
0.20588235294117646	0.07865168539325842
0.03333333333333333	0.014705882352941176
0.20689655172413793	0.07142857142857142
0.2222222222222222	0.11494252873563218
0.2222222222222222	0.11235955056179775
0.10714285714285714	0.0379746835443038
0.14285714285714285	0.06060606060606061
0.12903225806451613	0.04040404040404041
0.125	0.05319148936170213
0.10638297872340426	0.041666666666666664
0.024390243902439025	0.011764705882352941
0.0	0.0
0.2391304347826087	0.10576923076923077
0.15625	0.07692307692307693
0.0	0.0
0.023809523809523808	0.00819672131147541
0.05128205128205128	0.02666666666666667
0.10416666666666667	0.05434782608695652
0.37777777777777777	0.16831683168316833
0.15789473684210525	0.06896551724137931
0.11904761904761904	0.04065040650406504
0.15384615384615385	0.06666666666666667
0.20833333333333334	0.08196721311475409
0.37037037037037035	0.2247191011235955
0.0	0.0
0.02564102564102564	0.007352941176470588
0.05263157894736842	0.019230769230769232
0.16129032258064516	0.050505050505050504
0.14705882352941177	0.05747126436781609
0.08571428571428572	0.031578947368421054
0.02702702702702703	0.00847457627118644
0.23529411764705882	0.07692307692307693
0.0	0.0
0.0	0.0
0.19444444444444445	0.056
0.08333333333333333	0.03225806451612903
0.08108108108108109	0.02857142857142857
0.30303030303030304	0.09803921568627451
0.14285714285714285	0.044444444444444446
0.12903225806451613	0.044444444444444446
0.021739130434782608	0.011235955056179775
0.02564102564102564	0.009615384615384616
0.0	0.0
0.0	0.0
0.08333333333333333	0.031578947368421054
0.0	0.0
0.01818181818181818	0.0125
0.15	0.047619047619047616
0.1	0.02586206896551724
0.07692307692307693	0.02830188679245283
0.07317073170731707	0.025210084033613446
0.08333333333333333	0.02197802197802198
0.4166666666666667	0.09345794392523364
0.0	0.0
0.2222222222222222	0.11363636363636363
0.08333333333333333	0.05
0.0	0.0
0.10204081632653061	0.045871559633027525
0.48484848484848486	0.2
0.19148936170212766	0.08823529411764706
0.2	0.07575757575757576
0.0	0.0
0.19444444444444445	0.0707070707070707
0.28888888888888886	0.16455696202531644
0.06818181818181818	0.03125
0.2653061224489796	0.12264150943396226
0.05	0.01639344262295082
0.0	0.0
0.42857142857142855	0.16304347826086957
0.044444444444444446	0.02702702702702703
0.08163265306122448	0.03007518796992481
0.125	0.04950495049504951
0.2926829268292683	0.1188118811881188
0.0	0.0
0.0	0.0
0.14893617021276595	0.05185185185185185
0.06976744186046512	0.031578947368421054
0.0	0.0
0.20454545454545456	0.08411214953271028
0.28	0.1414141414141414
0.022727272727272728	0.010752688172043012
0.041666666666666664	0.022222222222222223
0.35135135135135137	0.22413793103448276
0.125	0.03896103896103896
0.26666666666666666	0.16
0.5555555555555556	0.22727272727272727
0.08695652173913043	0.046511627906976744
0.057692307692307696	0.039473684210526314
0.15555555555555556	0.08641975308641975
0.046511627906976744	0.01694915254237288
0.16666666666666666	0.04672897196261682
0.1	0.044444444444444446
0.06896551724137931	0.016260162601626018
0.4222222222222222	0.2345679012345679
0.05405405405405406	0.023529411764705882
0.09090909090909091	0.03296703296703297
0.1282051282051282	0.056818181818181816
0.024390243902439025	0.008064516129032258
0.14893617021276595	0.07865168539325842
0.13043478260869565	0.061224489795918366
0.0967741935483871	0.023255813953488372
0.2	0.05825242718446602
0.0	0.0
0.11627906976744186	0.044642857142857144
0.0	0.0
0.022727272727272728	0.011111111111111112
0.1951219512195122	0.09090909090909091
0.13636363636363635	0.03896103896103896
0.2777777777777778	0.10101010101010101
0.17142857142857143	0.05504587155963303
0.11363636363636363	0.06578947368421052
0.0	0.0
0.021739130434782608	0.011904761904761904
0.0	0.0
0.11363636363636363	0.06493506493506493
0.06818181818181818	0.02142857142857143
0.10344827586206896	0.024793388429752067
0.0	0.0
0.17073170731707318	0.07446808510638298
0.20512820512820512	0.1
0.03125	0.011111111111111112
0.0	0.0
0.03125	0.010869565217391304
0.06896551724137931	0.02
0.09090909090909091	0.028037383177570093
0.10204081632653061	0.0390625
0.02857142857142857	0.0072992700729927005
0.03125	0.010869565217391304
0.4722222222222222	0.2361111111111111
0.15	0.047619047619047616
0.07547169811320754	0.044444444444444446
0.0	0.0
0.0	0.0
0.15	0.09375
0.1388888888888889	0.04807692307692308
0.03333333333333333	0.01694915254237288
0.05714285714285714	0.015267175572519083
0.2708333333333333	0.14772727272727273
0.1590909090909091	0.07446808510638298
0.02702702702702703	0.009174311926605505
0.027777777777777776	0.008771929824561403
0.1276595744680851	0.046153846153846156
0.24444444444444444	0.13924050632911392
0.1702127659574468	0.08163265306122448
0.14285714285714285	0.07058823529411765
0.08333333333333333	0.017094017094017096
0.029411764705882353	0.007936507936507936
0.23529411764705882	0.06451612903225806
0.2631578947368421	0.09345794392523364
0.018867924528301886	0.008695652173913044
0.3181818181818182	0.13592233009708737
0.025	0.012658227848101266
0.07407407407407407	0.025
0.14285714285714285	0.04878048780487805
0.03571428571428571	0.00980392156862745
0.0	0.0
0.2978723404255319	0.14583333333333334
0.0	0.0
0.16216216216216217	0.05
0.19148936170212766	0.08823529411764706
0.14285714285714285	0.0603448275862069
0.6666666666666666	0.2391304347826087
0.175	0.058333333333333334
0.046511627906976744	0.02247191011235955
0.08888888888888889	0.024844720496894408
0.1875	0.07317073170731707
0.03571428571428571	0.010309278350515464
0.0	0.0
0.15625	0.06172839506172839
0.3125	0.20833333333333334
0.05	0.02197802197802198
0.043478260869565216	0.03225806451612903
0.03333333333333333	0.006896551724137931
0.03125	0.01282051282051282
0.16666666666666666	0.06306306306306306
0.0	0.0
0.1935483870967742	0.05172413793103448
0.05128205128205128	0.01818181818181818
0.047619047619047616	0.01818181818181818
0.11627906976744186	0.05
0.0	0.0
0.0	0.0
0.2	0.06060606060606061
0.12903225806451613	0.04040404040404041
0.0	0.0
0.0	0.0
0.0	0.0
0.38636363636363635	0.1588785046728972
0.13043478260869565	0.06315789473684211
0.3076923076923077	0.1518987341772152
0.04	0.030303030303030304
0.08823529411764706	0.024193548387096774
0.14634146341463414	0.04918032786885246
0.07692307692307693	0.02654867256637168
0.23076923076923078	0.12857142857142856
0.2571428571428571	0.09782608695652174
0.0784313725490196	0.03076923076923077
0.0	0.0
0.07317073170731707	0.026785714285714284
0.21153846153846154	0.09322033898305085
0.0	0.0
0.0	0.0
0.25	0.11458333333333333
0.13953488372093023	0.05714285714285714
0.0	0.0
0.10344827586206896	0.02830188679245283
0.13043478260869565	0.047244094488188976
0.29411764705882354	0.136986301369863
0.125	0.05952380952380952
0.3235294117647059	0.1527777777777778
0.0	0.0
0.0	0.0
0.16666666666666666	0.064
0.08695652173913043	0.01652892561983471
0.08571428571428572	0.02702702702702703
0.06818181818181818	0.0375
0.18181818181818182	0.05504587155963303
0.08	0.08333333333333333
0.06896551724137931	0.016260162601626018
0.2702702702702703	0.11363636363636363
0.1111111111111111	0.038461538461538464
0.1702127659574468	0.08163265306122448
0.21875	0.10144927536231885
0.13953488372093023	0.06976744186046512
0.18181818181818182	0.047619047619047616
0.0	0.0
0.1935483870967742	0.0625
0.1111111111111111	0.02608695652173913
0.28125	0.07142857142857142
0.04	0.023255813953488372
0.2765957446808511	0.21666666666666667
0.0425531914893617	0.017699115044247787
0.21428571428571427	0.08955223880597014
0.02631578947368421	0.01
0.05128205128205128	0.01680672268907563
0.022222222222222223	0.008
0.2	0.0625
0.11538461538461539	0.043795620437956206
0.10256410256410256	0.03773584905660377
0.0	0.0
0.56	0.16666666666666666
0.061224489795918366	0.04411764705882353
0.06976744186046512	0.03614457831325301
0.125	0.05555555555555555
0.10416666666666667	0.043859649122807015
0.0	0.0
0.05660377358490566	0.038461538461538464
0.20512820512820512	0.06896551724137931
0.0	0.0
0.0	0.0
0.0	0.0
0.16666666666666666	0.08333333333333333
0.16981132075471697	0.09473684210526316
0.11627906976744186	0.04950495049504951
0.21621621621621623	0.08695652173913043
0.058823529411764705	0.03125
0.16	0.08695652173913043
0.09090909090909091	0.027586206896551724
0.0	0.0
0.025	0.009174311926605505
0.07142857142857142	0.028037383177570093
0.058823529411764705	0.029411764705882353
0.32	0.16326530612244897
0.30952380952380953	0.11607142857142858
0.02564102564102564	0.011494252873563218
0.0	0.0
0.0	0.0
0.15151515151515152	0.043859649122807015
0.030303030303030304	0.008403361344537815
0.0	0.0
0.0625	0.015503875968992248
0.02857142857142857	0.009345794392523364
0.0	0.0
0.022727272727272728	0.01020408163265306
0.12	0.04
0.125	0.03597122302158273
0.13333333333333333	0.04040404040404041
0.02631578947368421	0.015873015873015872
0.07317073170731707	0.03125
0.10714285714285714	0.03225806451612903
0.23076923076923078	0.10714285714285714
0.0	0.0
0.4583333333333333	0.3283582089552239
0.0625	0.012658227848101266
0.2222222222222222	0.09803921568627451
0.0	0.0
0.5121951219512195	0.23076923076923078
0.022727272727272728	0.011111111111111112
0.09523809523809523	0.04040404040404041
0.10714285714285714	0.034482758620689655
0.20689655172413793	0.06741573033707865
0.13043478260869565	0.06666666666666667
0.23684210526315788	0.08823529411764706
0.020833333333333332	0.010526315789473684
0.15789473684210525	0.05825242718446602
0.10714285714285714	0.03488372093023256
0.46511627906976744	0.16
0.391304347826087	0.24324324324324326
0.4583333333333333	0.3283582089552239
0.1	0.03260869565217391
0.14285714285714285	0.08974358974358974
0.06060606060606061	0.014285714285714285
0.14285714285714285	0.056179775280898875
0.02857142857142857	0.010526315789473684
0.17391304347826086	0.06299212598425197
0.3611111111111111	0.10833333333333334
0	0
